1
8
11
26
39
61
71
72
75
81
86
92
93
97
100
105
107
123
125
126
128
133
138
155
161
171
185
186
187
194
196
197
205
211
216
218
226
230
232
234
235
236
248
250
251
256
259
260
261
262
267
268
271
272
285
287
292
293
294
303
304
315
316
326
331
333
334
342
345
359
362
368
377
380
386
389
391
412
413
414
418
422
429
451
464
465
473
478
482
483
485
486
490
507
508
511
513
519
524
549
552
556
617
629
637
640
685
704
706
711
712
713
714
721
723
729
734
736
747
748
749
765
770
772
780
781
783
786
791
794
809
814
819
826
834
842
848
853
856
858
860
874
887
891
904
908
911
913
916
917
921
922
923
928
931
943
945
946
957
959
960
964
966
967
979
984
986
995
1019
1022
1034
1040
1044
1045
1053
1060
1061
1077
1078
1096
1099
1101
1110
1117
1119
1134
1139
1148
1149
1150
1152
1156
1159
1177
1194
1198
1215
1216
1223
1238
1244
1256
1268
1271
1272
1275
1278
1282
1286
1287
1288
1297
1304
1315
1330
1334
1335
1336
1337
1338
1339
1342
1345
1346
1351